[[-10.34221043  -9.81145626]
 [ -2.5216734   -2.48161593]
 [  0.           0.        ]]

 [[-19.0369725   -9.42089319]
 [ -3.22941782  -3.25839291]
 [  0.           0.        ]]

[[-14.20480572 -10.84490505]
 [ -3.1204212   -3.00838372]
 [  0.           0.        ]]

 [[-20.73939391 -11.17025591]
 [ -3.75976438  -3.8431293 ]
 [  0.           0.        ]]

 [[-15.8352263  -10.78101809]
 [ -3.68735109  -3.51962207]
 [  0.           0.        ]]

 [[-18.19955628 -11.96848859]
 [ -4.07810624  -4.01373487]
 [  0.           0.        ]]



