[[-5.1069597  -3.48978605]
 [-3.89371277 -2.58022482]
 [ 0.          0.        ]]

 [[-3.53417621 -3.02750821]
 [-2.13481484 -1.8944714 ]
 [ 0.          0.        ]]

 [[-2.88279153 -2.73121676]
 [-3.01502933 -2.06788081]
 [ 0.          0.        ]]

 [[-3.10395875 -2.55857064]  15.6380844815
 [-2.13469272 -1.64974714]
 [ 0.          0.        ]]

 [[-3.51032696 -2.95580668]   -4.59174011105
 [-2.94028602 -2.11853159]
 [ 0.          0.        ]]

[[-3.19229153 -2.90164644]    6.89847288623
 [-2.03476668 -1.99648764]
 [ 0.          0.        ]]

[[-3.39421577 -3.0842032 ]    8.12141192696
 [-2.16451521 -1.8772764 ]
 [ 0.          0.        ]]

[[-3.16720531 -3.04325185]      23.8769516657
 [-4.17809322 -3.31261732]
 [ 0.          0.        ]]

 [[-2.90995658 -2.88240988]     26.4899625074
 [-3.07169412 -2.24833755]
 [ 0.          0.        ]]

 [[-3.32434418 -3.2008204 ]     1.71073930246
 [-2.33094014 -1.8945107 ]
 [ 0.          0.        ]]

 [[-3.75488726 -2.90937284]
 [-2.4846543  -1.98816435]
 [ 0.          0.        ]]

 [[-3.50342703 -3.42094013]
 [-3.38108819 -2.31153877]
 [ 0.          0.        ]]




