prior:
[[  2.94913664e-01   9.50902278e-01]
 [  1.95440128e-02   4.87978721e-02]
 [  9.99500250e-05   9.99500250e-05]
 [  9.99500258e-05   9.99500250e-05]
 [  6.85342423e-01   9.99500364e-05]]
RL Transition matrix
action0
[  3.47881971e-01   6.02120229e-02   1.07055528e-01   1.01420485e-40
   4.84850477e-01   1.69177038e-35]
[  1.15332768e-61   5.05449375e-01   2.50094431e-02   8.42086846e-03
   8.46361463e-03   4.52656699e-01]
[  2.29525763e-209   1.57946416e-002   8.06811654e-001   1.77393704e-001
   4.21208188e-081   2.85968905e-142]
[  0.00000000e+000   2.38940889e-001   9.89849317e-040   7.61059111e-001
   3.11423791e-134   5.82017218e-039]
[  1.42356396e-161   2.01559506e-002   6.14224873e-001   5.44102289e-142
   3.65619176e-001   0.00000000e+000]
[ 0.  0.  0.  0.  0.  1.]
action1
[  5.90514570e-001   3.36892898e-002   1.33393561e-055   7.00901989e-146
   3.75796140e-001   0.00000000e+000]
[  7.27551356e-65   4.02686663e-01   2.04378774e-02   2.83526472e-02
   1.28359677e-13   5.48522813e-01]
[  1.06224776e-120   1.61989552e-002   6.13412203e-001   3.70388436e-001
   4.06208091e-007   2.18162498e-186]
[  5.61657987e-223   3.06453004e-001   3.59471504e-181   6.93546996e-001
   4.88251090e-212   2.66620160e-011]
[  6.34163570e-02   2.13314754e-02   1.87162290e-01   3.14456543e-34
   7.28089878e-01   0.00000000e+00]
[ 0.  0.  0.  0.  0.  1.]
Mu
action0
[-14.10445753  -0.08516185  -0.6833786    3.35892587  -5.12564864]
[ 5.0400174   5.75461896 -0.35014603  2.27332341 -4.9960776 ]
[ 1.073694    3.56277692 -2.72786807  0.58300225  1.0752327 ]
[-0.66743458  1.6680453   0.50615264 -0.62139106 -0.52617695]
[-2.30944288  1.36025158  2.84075907 -2.39426891 -1.4429458 ]
action1
[-4.84122906  4.32421049  1.46199786  4.60063546 -0.41576532]
[-6.40928906  0.73055605 -1.05812125  0.48423211 -3.72054232]
[ 0.89126538  5.95121432 -3.34514322  0.59452108 -1.86781956]
[-0.82244489  1.55320239  0.33802224 -0.9647412  -0.36727695]
[-2.3440361   1.85294948  3.1655307  -2.95830652  1.78903082]
sigma
action0
state0
[0.25282120382436324, 14.5118740639457, 0.6337848277478543, 0.6974425706253479, 5.277699123770665]
state1
[65.50013419776522, 51.83808807554723, 23.86591212995278, 44.84069137460932, 12.817839622918045]
state2
[4.523630371393445, 6.109200106271551, 3.289106080012361, 0.9474110293546595, 1.570885655379524]
state3
[4.464075455913274, 3.404454163808692, 3.3845407283735787, 0.9622220926585765, 0.5969911207322932]
state4
[3.105662433173047, 2.5179974664262716, 4.247744351419981, 0.7808141022317046, 3.0512341292789675]
action1
state0
[2.838298695880012, 1.017592491179807, 3.771780337560674, 0.957189864860431, 0.761783993119091]
state1
[22.687331076822296, 17.626306248847513, 44.814086321299555, 83.35026136423812, 24.733106444998814]
state2
[3.3536143243639076, 1.932114312333411, 3.4267806364382936, 0.982034298259269, 0.855906509915228]
state3
[4.661243656379173, 2.4903443138268373, 3.1083910896443347, 1.5273146452805064, 0.5476003480366215]
state4
[4.40592185815147, 0.8758303558371298, 3.803150618999853, 0.5881711807458078, 0.8495172487158144]
likelihood: -68145.6752255