[[-2.14234066 -2.12608888]
 [-4.10036578 -2.60335226]
 [ 0.          0.        ]]

[[-2.25043313 -2.24371319]
 [-3.24577111 -2.28341212]
 [ 0.          0.        ]]

 [[-2.76969465 -2.57360599]
 [-3.04066383 -2.19178004]
 [ 0.          0.        ]]

 [[-2.38680683 -2.37589264]
 [-3.03809157 -2.12749594]
 [ 0.          0.        ]]

 [[-2.18905474 -2.16600012]
 [-3.03227826 -2.06675407]
 [ 0.          0.        ]]

 [[-2.18905474 -2.16600012]
 [-3.03227826 -2.06675407]
 [ 0.          0.        ]]