[ -0.80142652   2.12940022   0.97156699   3.9407461   18.1120852 ]
[ 1.30304043 -3.10274628  2.25165639  1.24645843  5.37548367]
[-0.83739971 -1.0983646  -3.9685996   1.16848257  6.87835364]
[ 1.22407623  0.97967981 -0.93869225  1.3810108  -4.14930764]
[-2.17370758 -0.89779546  1.87159344 -0.08698407 -0.55713529]
[ 0.54555556  0.63600719 -0.49602404  0.22020368  0.37348645]
[-0.64420918 -0.7052355   0.5439301   0.03585059 -0.4784895 ]
[-0.75521325  0.20719062 -0.21407693  0.26959237  0.32905498]
[ 0.39822293 -1.95843027  0.11342568  0.47123749 -0.47818177]
[-0.80992964  0.25027463  0.10949657  0.28579974  0.16234885]
[-0.2284636  -0.3853263   0.09032656 -0.18511787  0.21805237]
[-0.22474466  0.00559815 -0.13995309  0.52326856 -0.29857327]
[ 0.33900708 -0.25741934  0.25530003 -0.15950768  0.30145645]
[-0.08903907 -0.62577493  0.26611997  0.01329203 -0.15849055]
[-0.11931518  1.0769868  -0.14307364 -0.5540006  -0.52646684]
[-0.09517849  0.43589356 -0.14060071  0.28593113  1.73281388]
[-0.28017709  0.021567    0.14059946 -0.22002919 -0.37350988]
[ 0.17383798 -0.67574261  0.0645798   0.13919231  0.34622443]
[-0.09987775  0.5127612  -0.00175951 -0.02804225 -1.2158245 ]
[ 0.05082033 -0.19533036 -0.19664989  0.21181996  0.58294863]
[ 0.0270821  -0.11406175  0.00862733 -0.03762513  0.1134869 ]
[-0.00812521  0.28869348 -0.1470702   0.15326686 -0.81886775]
[-0.0967838   0.16421673  0.18753469  0.06056855  0.64432877]
[-0.21637643  0.69415847  0.12831247  0.14550186 -0.57940322]
[ 0.29249446 -0.32045623 -0.20378102 -0.05152065  0.76288654]
[-0.27979322  0.38907975  0.20753448 -0.06793334  0.39689358]
[-0.18127078 -0.03780905  0.22114794  0.06871702 -1.14580173]
[-0.04246404  0.24902503 -0.18893532 -0.04196511  0.45095813]
[ 0.00655361 -0.21812455 -0.06159134  0.06616743  1.96207862]
[-0.15237601  0.10215067  0.13100607  0.0517738   1.20548421]