[-4.72827809 -4.99183814 -2.78809249 -3.38230929 -3.58160497]
[-0.95396631  0.20182239 -1.9512356   0.77076692 -1.0445556 ]
[ 2.1239849   2.53572812  1.42085517  2.8852362   0.91099803]
[-2.9918181  -1.85816992 -0.00774428  1.35139816 -2.47696953]
[ 1.31303105 -0.2642748   0.42148725  1.86147218  0.87462292]
[ 0.57993632 -0.89653548 -1.22260187 -0.86700388  1.86403905]
[-0.09584495  1.67097769 -0.28069421 -0.1441239  -1.23581123]
[ 1.62060705 -1.55454313  0.67088561  0.47028284  0.38301215]
[-0.40546448 -1.28066728 -3.29404962  0.54897505  1.816981  ]
[-0.43041088  0.6543697   2.22166166 -0.73876536 -0.12909518]
[-1.12784557 -0.84990861  4.75839645  0.2611231   0.55505404]
[ 1.20549123  0.19191488 -1.04794018 -0.6742584  -0.65884711]
[ 0.73343536 -0.70279248  1.2039101   0.32732811 -1.10182825]
[-0.36254508  0.34597267 -1.20918871  0.50488922 -0.67668893]
[-0.92869064 -0.31432409 -0.53892654  0.80581925  0.24742455]
[-1.06190643 -0.03847475  0.1744009   0.40486878  0.47451977]
[-1.28528399  0.00972228 -0.94465864  0.35715998  0.44099094]
[-0.50561593  0.05255093  0.36875744  0.16063418  0.0658844 ]
[-0.2339712   0.05539291 -1.17833387  0.17117108  0.43134072]
[-1.08403026 -0.28174574  0.43698573  0.33737163  0.14702295]
[ 0.04191858 -0.14288618  0.79857148  0.00228424 -0.16707655]
[-0.79956348 -0.01565659  0.77145896  0.13963788  0.46022798]
[-0.02138867  0.24339363 -0.26643104  0.02123209  0.04812351]
[ 0.36918552 -0.4836032  -0.27940168  0.28942138 -0.11759381]
[ 0.20686774 -0.57512688  1.18778886  0.01459226  0.39944824]
[-0.01096038  0.23235277 -0.79906299  0.14218657 -0.208375  ]
[ 0.14802148 -0.18962825  1.087654    0.12098302 -0.23572574]
[ 0.07506363  0.11975149 -0.58215893  0.14481163  0.03675125]
[ 0.19791717 -0.07481502 -0.01815383 -0.03437244  0.02854926]
[ 0.23568724 -0.00741987 -0.35019907  0.21771519 -0.31126108]